% Simulation data for the IEEE 34 Node Test Feeder model
%for delta connection, V=X*sqrt(3)
%for wye connection, Pa must be non-zero

% For Distributed Loads==================================================
%802-806
V_802_806 = [1.047 1.048 1.048];
Pa_802_806 = [1e-6 30 25]*1e3;
Pp_802_806 = [0 15 14]*1e3;
Pn_802_806 = [0 0 0];

%808-810
V_808_810 = 1.014;
Pa_808_810 = 16e3;
Pp_808_810 = 8e3;
Pn_808_810 = 0;

%816-824
V_816_824 = [1.017 1.025 1.02]*sqrt(3);
Pa_816_824 = [1e-6 5 1e-6]*1e3;
Pp_816_824 = [0 2 0]*1e3;
Pn_816_824 = [0 0 0];

%818-820
V_818_820 = 1.016;
Pa_818_820 = 34e3;
Pp_818_820 = 17e3;
Pn_818_820 = 0;

%820-822
V_820_822 = 0.993;
Pa_820_822 = 135e3;
Pp_820_822 = 70e3;
Pn_820_822 = 0;

%824-826
V_824_826 = 1.008;
Pa_824_826 = 40e3;
Pp_824_826 = 20e3;
Pn_824_826 = 0;

%824-828
V_824_828 = [1.008 1.016 1.012];
Pa_824_828 = [1e-6 1e-6 4]*1e3;
Pp_824_828 = [0 0 2]*1e3;
Pn_824_828 = [0 0 0];

%828-830
V_828_830 = [1.007 1.015 1.011];
Pa_828_830 = [7 1e-6 1e-6]*1e3;
Pp_828_830 = [3 0 0]*1e3;
Pn_828_830 = [0 0 0];

%832-858
V_832_858 = [1.036 1.035 1.036]*sqrt(3);
Pa_832_858 = [7 2 6]*1e3;
Pp_832_858 = [3 1 3]*1e3;
Pn_832_858 = [0 0 0];

%834-860
V_834_860 = [1.031 1.029 1.031]*sqrt(3);
Pa_834_860 = [16 20 110]*1e3;
Pp_834_860 = [8 10 55]*1e3;
Pn_834_860 = [0 0 0];

%836-840
V_836_840 = [1.03 1.029 1.031]*sqrt(3);
Pa_836_840 = [18 22 1e-6]*1e3;
Pp_836_840 = [9 11 0]*1e3;
Pn_836_840 = [0 0 0];

%842-844
V_842_844 = [1.031 1.029 1.031];
Pa_842_844 = [9 1e-6 1e-6]*1e3;
Pp_842_844 = [5 0 0]*1e3;
Pn_842_844 = [0 0 0];

%844-846
V_844_846 = [1.031 1.029 1.031];
Pa_844_846 = [1e-6 25 20]*1e3;
Pp_844_846 = [0 12 11]*1e3;
Pn_844_846 = [0 0 0];

%846-848
V_846_848 = [1.031 1.029 1.031];
Pa_846_848 = [1e-6 23 1e-6]*1e3;
Pp_846_848 = [0 11 0]*1e3;
Pn_846_848 = [0 0 0];

%854-856
V_854_856 = 0.998;
Pa_854_856 = 4e3;
Pp_854_856 = 2e3;
Pn_854_856 = 0;

%858-864
V_858_864 = 1.034;
Pa_858_864 = 2e3;
Pp_858_864 = 1e3;
Pn_858_864 = 0;

%858-834
V_858_834 = [1.034 1.032 1.034]*sqrt(3);
Pa_858_834 = [4 15 13]*1e3;
Pp_858_834 = [2 8 7]*1e3;
Pn_858_834 = [0 0 0];

%860-836
V_860_836 = [1.03 1.029 1.031]*sqrt(3);
Pa_860_836 = [30 10 42]*1e3;
Pp_860_836 = [15 6 22]*1e3;
Pn_860_836 = [0 0 0];

%862-838
V_862_838 = 1.029;
Pa_862_838 = 28e3;
Pp_862_838 = 14e3;
Pn_862_838 = 0;

% For Spot Loads=========================================================
%830
V_830 = [0.989 0.998 0.994]*sqrt(3);
Pa_830 = [10 10 25]*1e3;
Pp_830 = [5 5 10]*1e3;
Pn_830 = [0 0 0];

%844 B.V.c
V_844 = [1.031 1.029 1.031];
Pa_844 = [135 135 135]*1e3;
Pp_844 = [105 105 105]*1e3;
%divided Z [1  1  1]*Vnom
Pn_844 = [100 100 100]*1e3;

%848 B.V.c
V_848 = [1.031 1.029 1.031]*sqrt(3);
Pa_848 = [20 20 20]*1e3;
Pp_848 = [16 16 16]*1e3;
%divided Z [1  1  1]*Vnom
Pn_848 = [150 150 150]*1e3;

%860
V_860 = [1.03 1.029 1.031];
Pa_860 = [20 20 20]*1e3;
Pp_860 = [16 16 16]*1e3;
Pn_860 = [0 0 0];

%840
V_840 = [1.03 1.029 1.031];
Pa_840 = [9 9 9]*1e3;
Pp_840 = [7 7 7]*1e3;
Pn_840 = [0 0 0];

%890
V_890 = [0.917 0.924 0.918]*sqrt(3);
Pa_890 = [150 150 150]*1e3;
Pp_890 = [75 75 75]*1e3;
Pn_890 = [0 0 0];
